eu-998.png 1 0 0 200 44
eu-971.png 1 0 0 200 43
eu-543.png 1 0 0 200 50
eu-160.png 1 0 0 197 49
eu-522.png 1 0 0 200 50
eu-824.png 1 0 0 135 33
eu-399.png 1 0 0 129 32
eu-952.png 1 0 0 200 50
eu-343.png 1 0 0 200 50
eu-1117.png 1 0 0 198 50
eu-680.png 1 0 0 200 47
eu-163.png 1 0 0 84 21
eu-556.png 1 0 0 150 37
eu-1199.png 1 0 0 200 41
eu-1038.png 1 0 0 200 50
eu-1245.png 1 0 0 192 50
eu-1032.png 1 0 0 200 44
eu-141.png 1 0 0 152 38
eu-1233.png 1 0 0 200 43
eu-713.png 1 0 0 200 47
eu-829.png 1 0 0 73 18
eu-534.png 1 0 0 200 50
eu-1069.png 1 0 0 198 50
eu-408.png 1 0 0 200 50
eu-238.png 1 0 0 200 43
eu-678.png 1 0 0 200 50
eu-615.png 1 0 0 187 46
eu-1269.png 1 0 0 200 43
eu-784.png 1 0 0 196 49
eu-988.png 1 0 0 200 45
eu-939.png 1 0 0 171 42
eu-387.png 1 0 0 200 50
eu-1164.png 1 0 0 200 47
eu-552.png 1 0 0 200 50
eu-115.png 1 0 0 169 42
eu-1194.png 1 0 0 200 44
eu-1166.png 1 0 0 200 46
eu-730.png 1 0 0 200 47
eu-1298.png 1 0 0 165 50
eu-124.png 1 0 0 200 50
eu-1310.png 1 0 0 200 50
eu-1323.png 1 0 0 183 50
eu-684.png 1 0 0 200 47
eu-1226.png 1 0 0 200 50
eu-480.png 1 0 0 159 50
eu-59.png 1 0 0 200 44
eu-779.png 1 0 0 132 33
eu-1220.png 1 0 0 188 50
eu-607.png 1 0 0 165 41
eu-1138.png 1 0 0 200 43
eu-374.png 1 0 0 200 50
eu-95.png 1 0 0 173 43
eu-781.png 1 0 0 163 40
eu-1324.png 1 0 0 199 50
eu-288.png 1 0 0 45 11
eu-1122.png 1 0 0 200 44
eu-910.png 1 0 0 64 16
eu-1184.png 1 0 0 200 43
eu-979.png 1 0 0 200 43
eu-1026.png 1 0 0 200 44
eu-569.png 1 0 0 80 20
eu-486.png 1 0 0 200 49
eu-1247.png 1 0 0 200 43
eu-815.png 1 0 0 200 50
eu-1147.png 1 0 0 200 43
eu-440.png 1 0 0 180 50
eu-44.png 1 0 0 200 50
eu-574.png 1 0 0 149 37
eu-769.png 1 0 0 122 30
eu-224.png 1 0 0 161 40
eu-859.png 1 0 0 196 49
eu-1209.png 1 0 0 200 49
eu-308.png 1 0 0 200 49
eu-1060.png 1 0 0 200 42
eu-1073.png 1 0 0 165 50
eu-316.png 1 0 0 81 20
eu-1051.png 1 0 0 200 43
eu-851.png 1 0 0 165 50
eu-580.png 1 0 0 86 21
eu-800.png 1 0 0 104 26
eu-361.png 1 0 0 200 50
eu-772.png 1 0 0 200 50
eu-550.png 1 0 0 200 50
eu-624.png 1 0 0 193 50
eu-598.png 1 0 0 200 50
eu-947.png 1 0 0 200 49
eu-638.png 1 0 0 200 50
eu-105.png 1 0 0 200 50
eu-1097.png 1 0 0 200 49
eu-1183.png 1 0 0 200 45
eu-131.png 1 0 0 200 50
eu-366.png 1 0 0 200 50
eu-270.png 1 0 0 200 50
eu-222.png 1 0 0 70 17
eu-1093.png 1 0 0 200 43
eu-372.png 1 0 0 200 49
eu-701.png 1 0 0 200 50
eu-871.png 1 0 0 200 50
eu-49.png 1 0 0 200 50
eu-864.png 1 0 0 200 50
eu-744.png 1 0 0 200 50
eu-987.png 1 0 0 200 45
eu-379.png 1 0 0 200 50
eu-571.png 1 0 0 200 50
eu-1121.png 1 0 0 200 44
eu-310.png 1 0 0 133 33
eu-309.png 1 0 0 200 50
eu-1009.png 1 0 0 200 45
eu-172.png 1 0 0 124 31
eu-973.png 1 0 0 200 45
eu-830.png 1 0 0 200 50
eu-263.png 1 0 0 148 37
eu-508.png 1 0 0 200 50
eu-822.png 1 0 0 148 37
eu-1274.png 1 0 0 200 46
eu-1281.png 1 0 0 198 50
eu-1339.png 1 0 0 200 47
eu-378.png 1 0 0 200 50
eu-581.png 1 0 0 119 29
eu-737.png 1 0 0 200 50
eu-215.png 1 0 0 192 48
eu-986.png 1 0 0 200 42
eu-287.png 1 0 0 85 21
eu-179.png 1 0 0 200 50
eu-518.png 1 0 0 200 50
eu-1152.png 1 0 0 200 47
eu-771.png 1 0 0 200 50
eu-350.png 1 0 0 196 49
eu-727.png 1 0 0 200 50
eu-1052.png 1 0 0 200 49
eu-786.png 1 0 0 200 50
eu-431.png 1 0 0 200 50
eu-247.png 1 0 0 176 44
eu-499.png 1 0 0 200 50
eu-1219.png 1 0 0 200 50
eu-1195.png 1 0 0 200 43
eu-565.png 1 0 0 192 50
eu-1008.png 1 0 0 200 44
eu-746.png 1 0 0 151 37
eu-932.png 1 0 0 101 25
eu-595.png 1 0 0 200 50
eu-313.png 1 0 0 200 50
eu-826.png 1 0 0 200 46
eu-875.png 1 0 0 71 17
eu-590.png 1 0 0 148 37
eu-823.png 1 0 0 200 49
eu-195.png 1 0 0 200 50
eu-193.png 1 0 0 200 50
eu-1111.png 1 0 0 200 43
eu-1140.png 1 0 0 200 44
eu-443.png 1 0 0 200 50
eu-833.png 1 0 0 76 19
eu-843.png 1 0 0 122 30
eu-356.png 1 0 0 200 50
eu-1145.png 1 0 0 200 49
eu-834.png 1 0 0 200 50
eu-412.png 1 0 0 116 29
eu-709.png 1 0 0 200 50
eu-1308.png 1 0 0 193 48
eu-1319.png 1 0 0 200 43
eu-75.png 1 0 0 200 49
eu-1180.png 1 0 0 200 47
eu-1301.png 1 0 0 200 43
eu-258.png 1 0 0 195 48
eu-1236.png 1 0 0 200 44
eu-383.png 1 0 0 200 50
eu-234.png 1 0 0 95 23
eu-180.png 1 0 0 141 35
eu-101.png 1 0 0 194 48
eu-798.png 1 0 0 200 50
eu-1306.png 1 0 0 200 50
eu-78.png 1 0 0 200 50
eu-1157.png 1 0 0 200 44
eu-218.png 1 0 0 200 50
eu-1244.png 1 0 0 200 41
eu-1292.png 1 0 0 200 46
eu-147.png 1 0 0 139 34
eu-594.png 1 0 0 200 50
eu-365.png 1 0 0 131 32
eu-881.png 1 0 0 79 19
eu-469.png 1 0 0 118 29
eu-604.png 1 0 0 200 50
eu-677.png 1 0 0 200 50
eu-1221.png 1 0 0 200 44
eu-1128.png 1 0 0 200 45
eu-306.png 1 0 0 200 49
eu-555.png 1 0 0 200 50
eu-1018.png 1 0 0 200 44
eu-136.png 1 0 0 200 50
eu-893.png 1 0 0 200 50
eu-442.png 1 0 0 118 29
eu-896.png 1 0 0 200 45
eu-278.png 1 0 0 200 50
eu-18.png 1 0 0 200 42
eu-636.png 1 0 0 196 49
eu-279.png 1 0 0 200 50
eu-470.png 1 0 0 200 50
eu-1265.png 1 0 0 200 44
eu-226.png 1 0 0 156 39
eu-665.png 1 0 0 200 50
eu-867.png 1 0 0 200 49
eu-593.png 1 0 0 200 50
eu-1116.png 1 0 0 183 50
eu-1254.png 1 0 0 200 44
eu-213.png 1 0 0 125 31
eu-203.png 1 0 0 200 50
eu-844.png 1 0 0 200 49
eu-668.png 1 0 0 200 44
eu-217.png 1 0 0 200 50
eu-433.png 1 0 0 83 20
eu-1146.png 1 0 0 200 40
eu-789.png 1 0 0 176 44
eu-1150.png 1 0 0 200 46
eu-333.png 1 0 0 59 14
eu-39.png 1 0 0 200 50
eu-230.png 1 0 0 132 33
eu-609.png 1 0 0 150 50
eu-589.png 1 0 0 200 50
eu-901.png 1 0 0 200 50
eu-1218.png 1 0 0 190 50
eu-1313.png 1 0 0 200 43
eu-948.png 1 0 0 189 50
eu-1340.png 1 0 0 185 50
eu-599.png 1 0 0 95 23
eu-419.png 1 0 0 200 47
eu-732.png 1 0 0 200 50
eu-46.png 1 0 0 200 43
eu-1114.png 1 0 0 195 50
eu-107.png 1 0 0 200 50
eu-407.png 1 0 0 200 48
eu-1083.png 1 0 0 198 50
eu-639.png 1 0 0 200 49
eu-70.png 1 0 0 200 50
eu-982.png 1 0 0 200 43
eu-17.png 1 0 0 200 43
eu-810.png 1 0 0 188 47
eu-409.png 1 0 0 200 50
eu-436.png 1 0 0 131 32
eu-251.png 1 0 0 200 50
eu-586.png 1 0 0 200 50
eu-266.png 1 0 0 104 26
eu-280.png 1 0 0 151 37
eu-45.png 1 0 0 200 50
eu-681.png 1 0 0 200 47
eu-704.png 1 0 0 200 39
eu-296.png 1 0 0 117 29
eu-1043.png 1 0 0 200 41
eu-629.png 1 0 0 200 50
eu-710.png 1 0 0 200 49
eu-1212.png 1 0 0 200 46
eu-926.png 1 0 0 200 50
eu-305.png 1 0 0 200 50
eu-137.png 1 0 0 68 17
eu-1202.png 1 0 0 200 43
eu-535.png 1 0 0 200 50
eu-292.png 1 0 0 172 43
eu-1151.png 1 0 0 200 46
eu-750.png 1 0 0 200 50
eu-703.png 1 0 0 151 37
eu-340.png 1 0 0 200 43
eu-807.png 1 0 0 200 46
eu-286.png 1 0 0 200 50
eu-165.png 1 0 0 66 16
eu-917.png 1 0 0 200 50
eu-171.png 1 0 0 120 30
eu-525.png 1 0 0 200 46
eu-877.png 1 0 0 200 50
eu-1078.png 1 0 0 200 42
eu-291.png 1 0 0 200 42
eu-170.png 1 0 0 105 26
eu-456.png 1 0 0 200 50
eu-1300.png 1 0 0 200 47
eu-311.png 1 0 0 200 43
eu-27.png 1 0 0 200 50
eu-1042.png 1 0 0 200 43
eu-814.png 1 0 0 141 35
eu-583.png 1 0 0 200 47
eu-768.png 1 0 0 200 50
eu-632.png 1 0 0 200 50
eu-283.png 1 0 0 161 40
eu-25.png 1 0 0 200 50
eu-1230.png 1 0 0 200 45
eu-1139.png 1 0 0 200 43
eu-167.png 1 0 0 200 50
eu-1149.png 1 0 0 200 45
eu-1288.png 1 0 0 200 44
eu-31.png 1 0 0 177 44
eu-297.png 1 0 0 81 20
eu-511.png 1 0 0 87 21
eu-317.png 1 0 0 101 25
eu-482.png 1 0 0 200 46
eu-868.png 1 0 0 200 50
eu-728.png 1 0 0 200 49
eu-322.png 1 0 0 81 20
eu-705.png 1 0 0 200 44
eu-847.png 1 0 0 200 50
eu-760.png 1 0 0 200 50
eu-248.png 1 0 0 200 50
eu-259.png 1 0 0 200 50
eu-143.png 1 0 0 99 24
eu-354.png 1 0 0 106 26
eu-1328.png 1 0 0 200 50
eu-1061.png 1 0 0 200 48
eu-1322.png 1 0 0 200 42
eu-1223.png 1 0 0 200 44
eu-83.png 1 0 0 200 50
eu-547.png 1 0 0 200 50
eu-972.png 1 0 0 200 42
eu-1215.png 1 0 0 200 45
eu-382.png 1 0 0 200 50
eu-348.png 1 0 0 200 50
eu-1295.png 1 0 0 192 50
eu-1084.png 1 0 0 200 42
eu-190.png 1 0 0 200 50
eu-741.png 1 0 0 200 50
eu-90.png 1 0 0 200 43
eu-976.png 1 0 0 200 42
eu-992.png 1 0 0 200 43
eu-1104.png 1 0 0 197 50
eu-692.png 1 0 0 200 47
eu-204.png 1 0 0 113 28
eu-323.png 1 0 0 200 49
eu-1250.png 1 0 0 200 43
eu-605.png 1 0 0 162 40
eu-643.png 1 0 0 200 49
eu-236.png 1 0 0 200 50
eu-1181.png 1 0 0 200 46
eu-537.png 1 0 0 200 50
eu-1239.png 1 0 0 200 42
eu-1047.png 1 0 0 200 45
eu-1227.png 1 0 0 200 44
eu-1037.png 1 0 0 200 42
eu-647.png 1 0 0 143 35
eu-738.png 1 0 0 200 50
eu-341.png 1 0 0 200 50
eu-397.png 1 0 0 96 24
eu-1134.png 1 0 0 200 43
eu-646.png 1 0 0 178 44
eu-600.png 1 0 0 186 50
eu-21.png 1 0 0 200 50
eu-466.png 1 0 0 163 40
eu-1024.png 1 0 0 200 48
eu-749.png 1 0 0 200 50
eu-890.png 1 0 0 128 32
eu-53.png 1 0 0 200 50
eu-873.png 1 0 0 200 43
eu-516.png 1 0 0 169 42
eu-455.png 1 0 0 75 18
eu-2.png 1 0 0 196 50
eu-542.png 1 0 0 160 40
eu-458.png 1 0 0 200 50
eu-162.png 1 0 0 96 24
eu-579.png 1 0 0 88 22
eu-158.png 1 0 0 121 30
eu-858.png 1 0 0 63 15
eu-1041.png 1 0 0 200 41
eu-1015.png 1 0 0 200 44
eu-1108.png 1 0 0 200 43
eu-299.png 1 0 0 200 50
eu-1297.png 1 0 0 188 50
eu-866.png 1 0 0 200 50
eu-132.png 1 0 0 200 49
eu-1338.png 1 0 0 145 36
eu-548.png 1 0 0 200 50
eu-519.png 1 0 0 200 50
eu-275.png 1 0 0 200 50
eu-302.png 1 0 0 82 20
eu-488.png 1 0 0 200 49
eu-924.png 1 0 0 132 33
eu-845.png 1 0 0 200 50
eu-1329.png 1 0 0 200 50
eu-610.png 1 0 0 200 45
eu-1081.png 1 0 0 171 50
eu-564.png 1 0 0 200 47
eu-1003.png 1 0 0 200 43
eu-38.png 1 0 0 200 50
eu-964.png 1 0 0 200 50
eu-1039.png 1 0 0 200 40
eu-483.png 1 0 0 200 50
eu-425.png 1 0 0 200 50
eu-32.png 1 0 0 200 42
eu-1058.png 1 0 0 200 43
eu-164.png 1 0 0 65 16
eu-652.png 1 0 0 199 50
eu-773.png 1 0 0 200 50
eu-254.png 1 0 0 200 50
eu-1217.png 1 0 0 200 45
eu-777.png 1 0 0 129 32
eu-515.png 1 0 0 200 50
eu-1062.png 1 0 0 200 45
eu-65.png 1 0 0 200 50
eu-43.png 1 0 0 200 50
eu-293.png 1 0 0 192 50
eu-1165.png 1 0 0 200 47
eu-273.png 1 0 0 200 50
eu-900.png 1 0 0 200 50
eu-719.png 1 0 0 200 50
eu-819.png 1 0 0 136 34
eu-125.png 1 0 0 200 49
eu-592.png 1 0 0 200 45
eu-367.png 1 0 0 200 50
eu-449.png 1 0 0 200 50
eu-748.png 1 0 0 200 50
eu-1248.png 1 0 0 200 42
eu-208.png 1 0 0 65 16
eu-539.png 1 0 0 200 50
eu-390.png 1 0 0 200 50
eu-60.png 1 0 0 188 50
eu-577.png 1 0 0 90 22
eu-963.png 1 0 0 200 50
eu-74.png 1 0 0 200 50
eu-221.png 1 0 0 170 42
eu-664.png 1 0 0 200 50
eu-927.png 1 0 0 125 31
eu-47.png 1 0 0 200 50
eu-150.png 1 0 0 200 50
eu-145.png 1 0 0 77 19
eu-1234.png 1 0 0 200 43
eu-817.png 1 0 0 200 50
eu-582.png 1 0 0 83 20
eu-661.png 1 0 0 174 50
eu-212.png 1 0 0 170 42
eu-993.png 1 0 0 200 46
eu-567.png 1 0 0 200 50
eu-1158.png 1 0 0 200 47
eu-644.png 1 0 0 119 29
eu-1314.png 1 0 0 200 43
eu-969.png 1 0 0 200 43
eu-788.png 1 0 0 93 23
eu-178.png 1 0 0 136 34
eu-240.png 1 0 0 93 23
eu-77.png 1 0 0 200 50
eu-210.png 1 0 0 97 24
eu-1072.png 1 0 0 192 50
eu-1129.png 1 0 0 200 45
eu-1029.png 1 0 0 200 45
eu-312.png 1 0 0 90 22
eu-1030.png 1 0 0 200 45
eu-100.png 1 0 0 176 44
eu-207.png 1 0 0 150 37
eu-880.png 1 0 0 200 50
eu-501.png 1 0 0 194 50
eu-0.png 1 0 0 200 49
eu-1311.png 1 0 0 200 50
eu-438.png 1 0 0 186 46
eu-68.png 1 0 0 200 50
eu-337.png 1 0 0 200 50
eu-540.png 1 0 0 200 50
eu-1317.png 1 0 0 200 43
eu-139.png 1 0 0 185 50
eu-40.png 1 0 0 200 50
eu-1086.png 1 0 0 200 42
eu-977.png 1 0 0 200 44
eu-711.png 1 0 0 200 50
eu-402.png 1 0 0 200 50
eu-888.png 1 0 0 200 50
eu-1316.png 1 0 0 200 43
eu-289.png 1 0 0 103 25
eu-439.png 1 0 0 200 49
eu-642.png 1 0 0 121 30
eu-414.png 1 0 0 138 34
eu-959.png 1 0 0 200 45
eu-1262.png 1 0 0 200 44
eu-93.png 1 0 0 151 37
eu-635.png 1 0 0 200 50
eu-307.png 1 0 0 200 49
eu-811.png 1 0 0 200 44
eu-606.png 1 0 0 102 25
eu-51.png 1 0 0 200 50
eu-968.png 1 0 0 200 36
eu-92.png 1 0 0 200 50
eu-8.png 1 0 0 200 50
eu-1252.png 1 0 0 200 43
eu-26.png 1 0 0 158 39
eu-135.png 1 0 0 200 50
eu-591.png 1 0 0 200 48
eu-1289.png 1 0 0 187 50
eu-870.png 1 0 0 200 46
eu-767.png 1 0 0 200 50
eu-152.png 1 0 0 160 40
eu-252.png 1 0 0 200 50
eu-1178.png 1 0 0 200 46
eu-1035.png 1 0 0 200 47
eu-392.png 1 0 0 200 50
eu-908.png 1 0 0 200 41
eu-761.png 1 0 0 200 49
eu-1264.png 1 0 0 200 49
eu-327.png 1 0 0 68 17
eu-159.png 1 0 0 200 49
eu-16.png 1 0 0 200 43
eu-282.png 1 0 0 200 50
eu-109.png 1 0 0 200 50
eu-1013.png 1 0 0 200 48
eu-712.png 1 0 0 200 50
eu-1188.png 1 0 0 200 45
eu-1125.png 1 0 0 200 43
eu-227.png 1 0 0 160 40
eu-335.png 1 0 0 200 49
eu-1027.png 1 0 0 200 43
eu-928.png 1 0 0 148 37
eu-633.png 1 0 0 200 50
eu-67.png 1 0 0 200 50
eu-919.png 1 0 0 200 50
eu-1113.png 1 0 0 200 46
eu-809.png 1 0 0 200 49
eu-496.png 1 0 0 200 49
eu-559.png 1 0 0 200 50
eu-457.png 1 0 0 200 50
eu-1174.png 1 0 0 200 47
eu-418.png 1 0 0 200 50
eu-801.png 1 0 0 200 50
eu-691.png 1 0 0 200 47
eu-56.png 1 0 0 200 50
eu-920.png 1 0 0 200 50
eu-188.png 1 0 0 167 41
eu-962.png 1 0 0 200 50
eu-620.png 1 0 0 172 43
eu-904.png 1 0 0 200 48
eu-623.png 1 0 0 200 44
eu-324.png 1 0 0 95 23
eu-527.png 1 0 0 200 50
eu-563.png 1 0 0 200 50
eu-991.png 1 0 0 200 46
eu-1034.png 1 0 0 200 44
eu-1167.png 1 0 0 200 46
eu-616.png 1 0 0 200 50
eu-602.png 1 0 0 200 44
eu-1305.png 1 0 0 200 50
eu-1119.png 1 0 0 200 47
eu-1179.png 1 0 0 200 42
eu-1100.png 1 0 0 200 43
eu-104.png 1 0 0 200 50
eu-951.png 1 0 0 200 50
eu-331.png 1 0 0 96 24
eu-1346.png 1 0 0 200 50
eu-330.png 1 0 0 116 29
eu-103.png 1 0 0 200 44
eu-983.png 1 0 0 200 45
eu-966.png 1 0 0 200 50
eu-318.png 1 0 0 200 50
eu-763.png 1 0 0 200 50
eu-657.png 1 0 0 172 43
eu-1259.png 1 0 0 200 48
eu-938.png 1 0 0 93 23
eu-825.png 1 0 0 200 50
eu-793.png 1 0 0 153 38
eu-613.png 1 0 0 147 36
eu-491.png 1 0 0 200 50
eu-61.png 1 0 0 200 41
eu-631.png 1 0 0 200 39
eu-242.png 1 0 0 200 44
eu-206.png 1 0 0 105 26
eu-142.png 1 0 0 55 13
eu-87.png 1 0 0 200 50
eu-500.png 1 0 0 200 50
eu-676.png 1 0 0 200 50
eu-914.png 1 0 0 81 20
eu-35.png 1 0 0 200 50
eu-478.png 1 0 0 165 41
eu-1096.png 1 0 0 200 44
eu-1156.png 1 0 0 200 46
eu-345.png 1 0 0 200 50
eu-999.png 1 0 0 200 41
eu-517.png 1 0 0 200 50
eu-398.png 1 0 0 180 45
eu-1063.png 1 0 0 200 49
eu-1203.png 1 0 0 200 41
eu-526.png 1 0 0 131 32
eu-648.png 1 0 0 200 44
eu-1079.png 1 0 0 200 46
eu-362.png 1 0 0 200 50
eu-116.png 1 0 0 200 50
eu-128.png 1 0 0 200 50
eu-1280.png 1 0 0 200 48
eu-1006.png 1 0 0 200 44
eu-19.png 1 0 0 200 45
eu-1022.png 1 0 0 200 49
eu-792.png 1 0 0 200 42
eu-30.png 1 0 0 200 50
eu-363.png 1 0 0 200 43
eu-1196.png 1 0 0 200 46
eu-1330.png 1 0 0 200 50
eu-1055.png 1 0 0 200 44
eu-1327.png 1 0 0 200 50
eu-929.png 1 0 0 141 35
eu-990.png 1 0 0 200 48
eu-1109.png 1 0 0 200 43
eu-364.png 1 0 0 200 50
eu-797.png 1 0 0 200 50
eu-424.png 1 0 0 200 49
eu-752.png 1 0 0 200 50
eu-153.png 1 0 0 61 15
eu-1115.png 1 0 0 200 42
eu-325.png 1 0 0 200 50
eu-674.png 1 0 0 200 47
eu-1076.png 1 0 0 200 43
eu-1087.png 1 0 0 173 50
eu-740.png 1 0 0 200 50
eu-799.png 1 0 0 200 46
eu-468.png 1 0 0 200 50
eu-723.png 1 0 0 200 50
eu-360.png 1 0 0 200 50
eu-588.png 1 0 0 200 49
eu-239.png 1 0 0 200 50
eu-724.png 1 0 0 200 50
eu-879.png 1 0 0 71 17
eu-1326.png 1 0 0 200 50
eu-531.png 1 0 0 200 42
eu-271.png 1 0 0 200 50
eu-1293.png 1 0 0 184 50
eu-1169.png 1 0 0 200 47
eu-1126.png 1 0 0 200 48
eu-29.png 1 0 0 200 50
eu-81.png 1 0 0 200 50
eu-1155.png 1 0 0 200 47
eu-201.png 1 0 0 83 20
eu-630.png 1 0 0 197 50
eu-612.png 1 0 0 156 39
eu-1007.png 1 0 0 200 45
eu-655.png 1 0 0 197 50
eu-189.png 1 0 0 146 36
eu-808.png 1 0 0 200 50
eu-849.png 1 0 0 200 50
eu-1342.png 1 0 0 200 49
eu-406.png 1 0 0 200 50
eu-739.png 1 0 0 200 50
eu-743.png 1 0 0 200 50
eu-755.png 1 0 0 200 50
eu-1283.png 1 0 0 200 47
eu-696.png 1 0 0 200 50
eu-942.png 1 0 0 164 41
eu-1019.png 1 0 0 200 44
eu-882.png 1 0 0 184 46
eu-1279.png 1 0 0 200 48
eu-96.png 1 0 0 179 44
eu-1205.png 1 0 0 198 50
eu-255.png 1 0 0 200 50
eu-5.png 1 0 0 200 45
eu-481.png 1 0 0 200 50
eu-88.png 1 0 0 200 50
eu-303.png 1 0 0 200 50
eu-15.png 1 0 0 200 44
eu-1267.png 1 0 0 200 48
eu-733.png 1 0 0 200 50
eu-1056.png 1 0 0 200 43
eu-839.png 1 0 0 200 49
eu-524.png 1 0 0 200 49
eu-11.png 1 0 0 200 40
eu-1171.png 1 0 0 200 46
eu-884.png 1 0 0 200 43
eu-381.png 1 0 0 200 50
eu-1107.png 1 0 0 200 43
eu-649.png 1 0 0 200 50
eu-1271.png 1 0 0 200 45
eu-231.png 1 0 0 200 50
eu-454.png 1 0 0 104 26
eu-1273.png 1 0 0 200 44
eu-869.png 1 0 0 200 50
eu-467.png 1 0 0 200 50
eu-329.png 1 0 0 119 29
eu-111.png 1 0 0 200 50
eu-84.png 1 0 0 200 50
eu-267.png 1 0 0 200 50
eu-532.png 1 0 0 200 50
eu-420.png 1 0 0 200 50
eu-1143.png 1 0 0 197 50
eu-1255.png 1 0 0 200 46
eu-596.png 1 0 0 200 46
eu-441.png 1 0 0 181 50
eu-277.png 1 0 0 200 50
eu-1133.png 1 0 0 200 42
eu-679.png 1 0 0 200 47
eu-209.png 1 0 0 78 19
eu-1046.png 1 0 0 200 48
eu-608.png 1 0 0 200 43
eu-495.png 1 0 0 200 50
eu-662.png 1 0 0 135 33
eu-118.png 1 0 0 200 50
eu-1028.png 1 0 0 200 44
eu-1112.png 1 0 0 186 50
eu-1241.png 1 0 0 200 43
eu-1173.png 1 0 0 200 46
eu-512.png 1 0 0 192 50
eu-129.png 1 0 0 200 49
eu-120.png 1 0 0 200 50
eu-1103.png 1 0 0 200 43
eu-1025.png 1 0 0 200 44
eu-736.png 1 0 0 200 50
eu-1137.png 1 0 0 200 45
eu-91.png 1 0 0 200 50
eu-200.png 1 0 0 126 31
eu-669.png 1 0 0 200 47
eu-233.png 1 0 0 200 50
eu-79.png 1 0 0 200 50
eu-174.png 1 0 0 200 50
eu-4.png 1 0 0 200 50
eu-80.png 1 0 0 197 49
eu-1014.png 1 0 0 200 45
eu-477.png 1 0 0 151 37
eu-774.png 1 0 0 200 50
eu-487.png 1 0 0 200 49
eu-863.png 1 0 0 200 46
eu-617.png 1 0 0 200 50
eu-575.png 1 0 0 162 40
eu-921.png 1 0 0 200 50
eu-911.png 1 0 0 200 50
eu-250.png 1 0 0 200 50
eu-294.png 1 0 0 200 49
eu-133.png 1 0 0 200 49
eu-1258.png 1 0 0 200 45
eu-1337.png 1 0 0 200 50
eu-838.png 1 0 0 200 50
eu-576.png 1 0 0 158 39
eu-603.png 1 0 0 145 36
eu-549.png 1 0 0 200 49
eu-1216.png 1 0 0 200 49
eu-1141.png 1 0 0 200 47
eu-461.png 1 0 0 155 38
eu-1291.png 1 0 0 186 50
eu-394.png 1 0 0 200 50
eu-1091.png 1 0 0 182 50
eu-489.png 1 0 0 200 50
eu-1048.png 1 0 0 200 45
eu-315.png 1 0 0 120 30
eu-1088.png 1 0 0 200 43
eu-885.png 1 0 0 193 50
eu-1154.png 1 0 0 200 45
eu-1201.png 1 0 0 192 50
eu-405.png 1 0 0 200 50
eu-541.png 1 0 0 191 50
eu-1031.png 1 0 0 200 45
eu-1077.png 1 0 0 200 43
eu-229.png 1 0 0 200 50
eu-667.png 1 0 0 98 24
eu-99.png 1 0 0 112 28
eu-349.png 1 0 0 196 49
eu-753.png 1 0 0 200 50
eu-1187.png 1 0 0 200 48
eu-42.png 1 0 0 200 50
eu-1144.png 1 0 0 200 43
eu-175.png 1 0 0 200 50
eu-1231.png 1 0 0 174 50
eu-110.png 1 0 0 200 50
eu-216.png 1 0 0 200 50
eu-1238.png 1 0 0 200 42
eu-1294.png 1 0 0 184 50
eu-1344.png 1 0 0 200 49
eu-121.png 1 0 0 200 50
eu-1272.png 1 0 0 200 45
eu-1005.png 1 0 0 200 44
eu-886.png 1 0 0 200 48
eu-214.png 1 0 0 200 49
eu-832.png 1 0 0 200 50
eu-359.png 1 0 0 200 50
eu-235.png 1 0 0 80 19
eu-127.png 1 0 0 200 50
eu-1068.png 1 0 0 200 49
eu-907.png 1 0 0 112 28
eu-146.png 1 0 0 132 33
eu-1189.png 1 0 0 200 43
eu-71.png 1 0 0 200 50
eu-802.png 1 0 0 144 36
eu-1268.png 1 0 0 200 43
eu-1.png 1 0 0 200 50
eu-778.png 1 0 0 200 50
eu-334.png 1 0 0 68 17
eu-562.png 1 0 0 200 49
eu-585.png 1 0 0 200 43
eu-1185.png 1 0 0 200 46
eu-659.png 1 0 0 142 35
eu-1228.png 1 0 0 200 49
eu-1312.png 1 0 0 196 50
eu-551.png 1 0 0 179 44
eu-874.png 1 0 0 200 50
eu-314.png 1 0 0 200 50
eu-812.png 1 0 0 200 50
eu-909.png 1 0 0 200 50
eu-140.png 1 0 0 79 19
eu-1235.png 1 0 0 198 50
eu-782.png 1 0 0 196 50
eu-660.png 1 0 0 123 30
eu-708.png 1 0 0 200 50
eu-634.png 1 0 0 200 49
eu-112.png 1 0 0 200 50
eu-253.png 1 0 0 200 50
eu-666.png 1 0 0 186 46
eu-301.png 1 0 0 97 24
eu-9.png 1 0 0 200 50
eu-450.png 1 0 0 200 50
eu-1095.png 1 0 0 200 43
eu-484.png 1 0 0 138 34
eu-1004.png 1 0 0 187 50
eu-72.png 1 0 0 200 50
eu-853.png 1 0 0 200 50
eu-856.png 1 0 0 200 50
eu-497.png 1 0 0 200 50
eu-601.png 1 0 0 106 26
eu-796.png 1 0 0 200 50
eu-1240.png 1 0 0 200 45
eu-1159.png 1 0 0 200 47
eu-198.png 1 0 0 200 50
eu-1120.png 1 0 0 184 50
eu-1172.png 1 0 0 200 47
eu-687.png 1 0 0 200 44
eu-1036.png 1 0 0 200 42
eu-1242.png 1 0 0 200 44
eu-492.png 1 0 0 200 45
eu-14.png 1 0 0 200 42
eu-1123.png 1 0 0 200 46
eu-475.png 1 0 0 200 44
eu-570.png 1 0 0 61 15
eu-913.png 1 0 0 200 50
eu-536.png 1 0 0 195 50
eu-119.png 1 0 0 200 50
eu-191.png 1 0 0 200 49
eu-385.png 1 0 0 200 49
eu-388.png 1 0 0 200 50
eu-1044.png 1 0 0 200 43
eu-199.png 1 0 0 200 50
eu-246.png 1 0 0 200 46
eu-1243.png 1 0 0 188 50
eu-220.png 1 0 0 200 44
eu-63.png 1 0 0 200 48
eu-1162.png 1 0 0 200 47
eu-285.png 1 0 0 109 27
eu-459.png 1 0 0 134 33
eu-841.png 1 0 0 198 49
eu-654.png 1 0 0 200 50
eu-228.png 1 0 0 200 50
eu-37.png 1 0 0 200 50
eu-1148.png 1 0 0 200 44
eu-561.png 1 0 0 139 34
eu-262.png 1 0 0 131 32
eu-765.png 1 0 0 200 50
eu-941.png 1 0 0 200 50
eu-422.png 1 0 0 62 15
eu-764.png 1 0 0 200 50
eu-1016.png 1 0 0 200 44
eu-269.png 1 0 0 200 50
eu-916.png 1 0 0 200 50
eu-1299.png 1 0 0 200 48
eu-689.png 1 0 0 200 47
eu-243.png 1 0 0 200 50
eu-417.png 1 0 0 200 50
eu-883.png 1 0 0 200 43
eu-931.png 1 0 0 200 48
eu-989.png 1 0 0 200 43
eu-1225.png 1 0 0 200 44
eu-754.png 1 0 0 200 50
eu-818.png 1 0 0 64 16
eu-1229.png 1 0 0 200 43
eu-20.png 1 0 0 175 50
eu-700.png 1 0 0 83 20
eu-352.png 1 0 0 200 49
eu-1099.png 1 0 0 200 43
eu-621.png 1 0 0 200 46
eu-1049.png 1 0 0 200 46
eu-320.png 1 0 0 147 36
eu-1136.png 1 0 0 200 45
eu-1176.png 1 0 0 200 47
eu-427.png 1 0 0 200 50
eu-651.png 1 0 0 200 50
eu-413.png 1 0 0 162 40
eu-1080.png 1 0 0 187 50
eu-272.png 1 0 0 200 50
eu-368.png 1 0 0 200 50
eu-533.png 1 0 0 200 45
eu-663.png 1 0 0 200 50
eu-138.png 1 0 0 103 25
eu-699.png 1 0 0 116 29
eu-1287.png 1 0 0 200 43
eu-177.png 1 0 0 200 50
eu-965.png 1 0 0 196 49
eu-202.png 1 0 0 129 32
eu-373.png 1 0 0 200 50
eu-401.png 1 0 0 200 50
eu-57.png 1 0 0 152 38
eu-1207.png 1 0 0 200 43
eu-274.png 1 0 0 200 50
eu-872.png 1 0 0 200 50
eu-1224.png 1 0 0 200 42
eu-1214.png 1 0 0 200 48
eu-837.png 1 0 0 86 21
eu-281.png 1 0 0 200 49
eu-1002.png 1 0 0 197 50
eu-490.png 1 0 0 200 50
eu-891.png 1 0 0 138 34
eu-1190.png 1 0 0 200 45
eu-328.png 1 0 0 200 50
eu-887.png 1 0 0 186 46
eu-284.png 1 0 0 200 50
eu-1277.png 1 0 0 200 45
eu-915.png 1 0 0 200 50
eu-894.png 1 0 0 166 41
eu-945.png 1 0 0 200 44
eu-326.png 1 0 0 139 34
eu-1237.png 1 0 0 186 50
eu-985.png 1 0 0 200 48
eu-1142.png 1 0 0 200 43
eu-1000.png 1 0 0 182 50
eu-656.png 1 0 0 183 50
eu-1213.png 1 0 0 200 43
eu-903.png 1 0 0 200 50
eu-446.png 1 0 0 200 50
eu-452.png 1 0 0 200 50
eu-1198.png 1 0 0 200 42
eu-597.png 1 0 0 200 46
eu-66.png 1 0 0 199 50
eu-1053.png 1 0 0 197 50
eu-295.png 1 0 0 200 50
eu-546.png 1 0 0 194 50
eu-521.png 1 0 0 84 21
eu-1132.png 1 0 0 200 42
eu-24.png 1 0 0 200 50
eu-85.png 1 0 0 200 50
eu-421.png 1 0 0 200 50
eu-98.png 1 0 0 200 50
eu-650.png 1 0 0 192 48
eu-974.png 1 0 0 200 47
eu-260.png 1 0 0 200 42
eu-428.png 1 0 0 200 50
eu-432.png 1 0 0 191 47
eu-1304.png 1 0 0 200 50
eu-954.png 1 0 0 200 50
eu-447.png 1 0 0 67 16
eu-626.png 1 0 0 200 50
eu-747.png 1 0 0 200 50
eu-683.png 1 0 0 200 47
eu-1074.png 1 0 0 200 45
eu-560.png 1 0 0 69 17
eu-757.png 1 0 0 175 43
eu-1153.png 1 0 0 200 46
eu-169.png 1 0 0 200 50
eu-619.png 1 0 0 200 50
eu-1182.png 1 0 0 200 48
eu-237.png 1 0 0 128 32
eu-173.png 1 0 0 126 31
eu-1303.png 1 0 0 200 45
eu-1023.png 1 0 0 200 45
eu-923.png 1 0 0 200 50
eu-1011.png 1 0 0 200 44
eu-1332.png 1 0 0 200 50
eu-386.png 1 0 0 200 49
eu-970.png 1 0 0 200 41
eu-994.png 1 0 0 200 41
eu-298.png 1 0 0 75 18
eu-423.png 1 0 0 200 50
eu-50.png 1 0 0 200 50
eu-126.png 1 0 0 200 50
eu-510.png 1 0 0 200 48
eu-693.png 1 0 0 197 50
eu-892.png 1 0 0 200 50
eu-889.png 1 0 0 195 50
eu-205.png 1 0 0 200 50
eu-729.png 1 0 0 200 47
eu-584.png 1 0 0 200 45
eu-717.png 1 0 0 200 49
eu-813.png 1 0 0 120 30
eu-338.png 1 0 0 200 42
eu-686.png 1 0 0 200 47
eu-509.png 1 0 0 58 14
eu-688.png 1 0 0 194 50
eu-134.png 1 0 0 200 50
eu-865.png 1 0 0 200 50
eu-1345.png 1 0 0 200 50
eu-878.png 1 0 0 122 30
eu-155.png 1 0 0 200 50
eu-854.png 1 0 0 200 44
eu-1282.png 1 0 0 200 46
eu-117.png 1 0 0 200 50
eu-538.png 1 0 0 200 50
eu-685.png 1 0 0 200 47
eu-182.png 1 0 0 200 49
eu-415.png 1 0 0 200 50
eu-1204.png 1 0 0 200 47
eu-641.png 1 0 0 200 50
eu-758.png 1 0 0 115 28
eu-1263.png 1 0 0 200 43
eu-791.png 1 0 0 186 50
eu-1118.png 1 0 0 200 44
eu-960.png 1 0 0 172 43
eu-831.png 1 0 0 106 26
eu-943.png 1 0 0 108 27
eu-192.png 1 0 0 104 26
eu-940.png 1 0 0 200 45
eu-494.png 1 0 0 138 34
eu-82.png 1 0 0 124 31
eu-463.png 1 0 0 200 50
eu-912.png 1 0 0 77 19
eu-1251.png 1 0 0 200 46
eu-785.png 1 0 0 200 49
eu-257.png 1 0 0 200 50
eu-702.png 1 0 0 200 50
eu-256.png 1 0 0 200 48
eu-151.png 1 0 0 200 50
eu-1082.png 1 0 0 200 44
eu-925.png 1 0 0 200 50
eu-249.png 1 0 0 200 50
eu-918.png 1 0 0 200 50
eu-342.png 1 0 0 59 14
eu-410.png 1 0 0 200 49
eu-1135.png 1 0 0 200 44
eu-1105.png 1 0 0 200 43
eu-23.png 1 0 0 200 43
eu-123.png 1 0 0 200 50
eu-558.png 1 0 0 165 50
eu-1067.png 1 0 0 200 48
eu-1307.png 1 0 0 200 50
eu-984.png 1 0 0 200 43
eu-453.png 1 0 0 74 18
eu-403.png 1 0 0 200 46
eu-776.png 1 0 0 200 50
eu-625.png 1 0 0 200 50
eu-1321.png 1 0 0 195 50
eu-1211.png 1 0 0 200 44
eu-862.png 1 0 0 200 45
eu-1206.png 1 0 0 200 43
eu-474.png 1 0 0 200 50
eu-154.png 1 0 0 83 19
eu-759.png 1 0 0 200 50
eu-10.png 1 0 0 200 44
eu-1296.png 1 0 0 184 50
eu-1276.png 1 0 0 200 42
eu-775.png 1 0 0 200 50
eu-956.png 1 0 0 200 49
eu-62.png 1 0 0 193 50
eu-967.png 1 0 0 168 42
eu-181.png 1 0 0 200 50
eu-357.png 1 0 0 200 49
eu-1261.png 1 0 0 191 50
eu-770.png 1 0 0 200 50
eu-520.png 1 0 0 200 50
eu-671.png 1 0 0 194 50
eu-460.png 1 0 0 200 50
eu-370.png 1 0 0 194 48
eu-376.png 1 0 0 118 29
eu-347.png 1 0 0 133 33
eu-1001.png 1 0 0 200 48
eu-276.png 1 0 0 200 50
eu-1110.png 1 0 0 200 47
eu-756.png 1 0 0 200 50
eu-790.png 1 0 0 183 50
eu-76.png 1 0 0 200 50
eu-690.png 1 0 0 200 47
eu-498.png 1 0 0 161 40
eu-389.png 1 0 0 116 29
eu-1302.png 1 0 0 200 43
eu-568.png 1 0 0 114 28
eu-12.png 1 0 0 200 44
eu-628.png 1 0 0 74 18
eu-1193.png 1 0 0 200 43
eu-485.png 1 0 0 200 50
eu-241.png 1 0 0 94 23
eu-54.png 1 0 0 200 50
eu-751.png 1 0 0 200 47
eu-876.png 1 0 0 200 50
eu-697.png 1 0 0 200 49
eu-578.png 1 0 0 89 22
eu-996.png 1 0 0 200 48
eu-73.png 1 0 0 200 49
eu-264.png 1 0 0 146 36
eu-416.png 1 0 0 200 50
eu-156.png 1 0 0 200 50
eu-185.png 1 0 0 200 50
eu-507.png 1 0 0 147 36
eu-353.png 1 0 0 120 30
eu-476.png 1 0 0 200 50
eu-675.png 1 0 0 200 44
eu-803.png 1 0 0 132 33
eu-860.png 1 0 0 200 46
eu-161.png 1 0 0 103 25
eu-1285.png 1 0 0 200 43
eu-905.png 1 0 0 157 39
eu-1102.png 1 0 0 200 45
eu-232.png 1 0 0 200 50
eu-718.png 1 0 0 200 50
eu-794.png 1 0 0 127 31
eu-1286.png 1 0 0 185 50
eu-961.png 1 0 0 200 50
eu-846.png 1 0 0 200 46
eu-836.png 1 0 0 185 46
eu-1085.png 1 0 0 200 43
eu-937.png 1 0 0 164 41
eu-97.png 1 0 0 200 50
eu-183.png 1 0 0 125 31
eu-946.png 1 0 0 200 49
eu-7.png 1 0 0 200 50
eu-1186.png 1 0 0 200 46
eu-504.png 1 0 0 200 50
eu-503.png 1 0 0 185 50
eu-895.png 1 0 0 200 50
eu-434.png 1 0 0 176 44
eu-395.png 1 0 0 200 50
eu-187.png 1 0 0 136 34
eu-369.png 1 0 0 140 35
eu-850.png 1 0 0 200 50
eu-437.png 1 0 0 200 50
eu-1094.png 1 0 0 200 43
eu-1065.png 1 0 0 200 43
eu-545.png 1 0 0 200 43
eu-130.png 1 0 0 200 50
eu-1278.png 1 0 0 200 44
eu-34.png 1 0 0 200 50
eu-981.png 1 0 0 200 49
eu-716.png 1 0 0 200 50
eu-336.png 1 0 0 200 50
eu-1161.png 1 0 0 200 47
eu-1098.png 1 0 0 197 50
eu-1309.png 1 0 0 200 50
eu-304.png 1 0 0 178 44
eu-122.png 1 0 0 200 50
eu-766.png 1 0 0 135 33
eu-930.png 1 0 0 163 40
eu-725.png 1 0 0 200 50
eu-1331.png 1 0 0 200 50
eu-714.png 1 0 0 200 50
eu-1192.png 1 0 0 200 43
eu-715.png 1 0 0 200 50
eu-225.png 1 0 0 87 21
eu-673.png 1 0 0 200 47
eu-553.png 1 0 0 200 50
eu-219.png 1 0 0 200 44
eu-1170.png 1 0 0 200 46
eu-1040.png 1 0 0 200 42
eu-28.png 1 0 0 200 50
eu-505.png 1 0 0 158 39
eu-6.png 1 0 0 200 50
eu-396.png 1 0 0 200 50
eu-1070.png 1 0 0 200 45
eu-358.png 1 0 0 200 50
eu-1045.png 1 0 0 200 43
eu-1222.png 1 0 0 200 43
eu-726.png 1 0 0 200 42
eu-922.png 1 0 0 200 50
eu-1092.png 1 0 0 200 46
eu-1054.png 1 0 0 200 44
eu-735.png 1 0 0 149 37
eu-1012.png 1 0 0 200 43
eu-1010.png 1 0 0 200 43
eu-653.png 1 0 0 200 50
eu-1066.png 1 0 0 200 44
eu-618.png 1 0 0 200 50
eu-321.png 1 0 0 200 50
eu-936.png 1 0 0 200 43
eu-554.png 1 0 0 123 30
eu-435.png 1 0 0 89 22
eu-566.png 1 0 0 200 46
eu-821.png 1 0 0 200 46
eu-827.png 1 0 0 142 35
eu-380.png 1 0 0 200 44
eu-393.png 1 0 0 200 49
eu-106.png 1 0 0 200 50
eu-1101.png 1 0 0 200 43
eu-166.png 1 0 0 59 14
eu-479.png 1 0 0 102 25
eu-1260.png 1 0 0 191 50
eu-682.png 1 0 0 200 50
eu-465.png 1 0 0 73 18
eu-194.png 1 0 0 200 50
eu-694.png 1 0 0 69 17
eu-762.png 1 0 0 200 49
eu-176.png 1 0 0 200 50
eu-828.png 1 0 0 94 23
eu-3.png 1 0 0 200 50
eu-1127.png 1 0 0 200 39
eu-1320.png 1 0 0 186 50
eu-1064.png 1 0 0 200 50
eu-33.png 1 0 0 200 42
eu-855.png 1 0 0 200 50
eu-1257.png 1 0 0 200 43
eu-52.png 1 0 0 200 50
eu-1017.png 1 0 0 200 44
eu-899.png 1 0 0 200 50
eu-1050.png 1 0 0 200 44
eu-1315.png 1 0 0 200 43
eu-1333.png 1 0 0 200 50
eu-1284.png 1 0 0 200 43
eu-430.png 1 0 0 199 50
eu-842.png 1 0 0 200 50
eu-64.png 1 0 0 200 43
eu-734.png 1 0 0 200 50
eu-1175.png 1 0 0 200 47
eu-840.png 1 0 0 200 50
eu-523.png 1 0 0 96 24
eu-804.png 1 0 0 140 35
eu-471.png 1 0 0 200 50
eu-144.png 1 0 0 163 40
eu-611.png 1 0 0 181 45
eu-400.png 1 0 0 200 48
eu-86.png 1 0 0 200 50
eu-720.png 1 0 0 169 42
eu-1208.png 1 0 0 192 50
eu-640.png 1 0 0 200 50
eu-530.png 1 0 0 200 50
eu-319.png 1 0 0 200 50
eu-344.png 1 0 0 200 50
eu-707.png 1 0 0 200 49
eu-672.png 1 0 0 200 47
eu-513.png 1 0 0 147 36
eu-332.png 1 0 0 89 22
eu-1057.png 1 0 0 200 47
eu-157.png 1 0 0 200 50
eu-627.png 1 0 0 200 50
eu-721.png 1 0 0 194 50
eu-493.png 1 0 0 125 31
eu-658.png 1 0 0 181 50
eu-978.png 1 0 0 200 45
eu-1124.png 1 0 0 200 50
eu-935.png 1 0 0 139 34
eu-1059.png 1 0 0 200 43
eu-244.png 1 0 0 200 50
eu-953.png 1 0 0 168 42
eu-1290.png 1 0 0 190 50
eu-587.png 1 0 0 200 50
eu-48.png 1 0 0 200 50
eu-36.png 1 0 0 200 50
eu-670.png 1 0 0 194 50
eu-933.png 1 0 0 131 32
eu-1191.png 1 0 0 184 50
eu-1325.png 1 0 0 200 50
eu-473.png 1 0 0 153 38
eu-1256.png 1 0 0 200 41
eu-742.png 1 0 0 200 50
eu-22.png 1 0 0 200 43
eu-695.png 1 0 0 200 50
eu-949.png 1 0 0 97 24
eu-731.png 1 0 0 200 50
eu-698.png 1 0 0 188 50
eu-391.png 1 0 0 200 44
eu-1089.png 1 0 0 200 44
eu-451.png 1 0 0 199 49
eu-1210.png 1 0 0 198 50
eu-780.png 1 0 0 200 50
eu-69.png 1 0 0 200 50
eu-1163.png 1 0 0 200 46
eu-1021.png 1 0 0 200 43
eu-897.png 1 0 0 200 47
eu-89.png 1 0 0 161 40
eu-1270.png 1 0 0 200 46
eu-514.png 1 0 0 114 28
eu-957.png 1 0 0 186 50
eu-1160.png 1 0 0 200 47
eu-980.png 1 0 0 200 44
eu-114.png 1 0 0 200 49
eu-506.png 1 0 0 200 50
eu-816.png 1 0 0 198 49
eu-502.png 1 0 0 200 50
eu-1131.png 1 0 0 200 46
eu-472.png 1 0 0 121 30
eu-852.png 1 0 0 110 27
eu-351.png 1 0 0 125 31
eu-722.png 1 0 0 200 50
eu-975.png 1 0 0 200 43
eu-645.png 1 0 0 139 34
eu-58.png 1 0 0 200 50
eu-184.png 1 0 0 200 50
eu-745.png 1 0 0 200 50
eu-1033.png 1 0 0 200 43
eu-148.png 1 0 0 200 50
eu-1020.png 1 0 0 200 44
eu-377.png 1 0 0 200 39
eu-1200.png 1 0 0 200 43
eu-857.png 1 0 0 141 35
eu-94.png 1 0 0 200 50
eu-426.png 1 0 0 200 46
eu-637.png 1 0 0 182 45
eu-1336.png 1 0 0 200 44
eu-557.png 1 0 0 200 50
eu-1246.png 1 0 0 200 48
eu-795.png 1 0 0 200 43
eu-1197.png 1 0 0 200 43
eu-404.png 1 0 0 200 50
eu-371.png 1 0 0 200 50
eu-375.png 1 0 0 200 50
eu-41.png 1 0 0 200 50
eu-1130.png 1 0 0 200 43
eu-346.png 1 0 0 200 50
eu-1075.png 1 0 0 200 45
eu-268.png 1 0 0 200 50
eu-300.png 1 0 0 73 18
eu-211.png 1 0 0 200 50
eu-1343.png 1 0 0 179 44
eu-102.png 1 0 0 200 50
eu-444.png 1 0 0 189 47
eu-783.png 1 0 0 145 36
eu-544.png 1 0 0 200 49
eu-1071.png 1 0 0 129 50
eu-529.png 1 0 0 200 50
eu-429.png 1 0 0 200 50
eu-261.png 1 0 0 193 50
eu-614.png 1 0 0 200 50
eu-149.png 1 0 0 200 50
eu-464.png 1 0 0 85 21
eu-245.png 1 0 0 200 44
eu-944.png 1 0 0 200 44
eu-411.png 1 0 0 200 50
eu-820.png 1 0 0 200 50
eu-1090.png 1 0 0 200 44
eu-265.png 1 0 0 68 17
eu-1232.png 1 0 0 200 50
eu-950.png 1 0 0 200 50
eu-806.png 1 0 0 135 33
eu-168.png 1 0 0 84 21
eu-805.png 1 0 0 134 33
eu-384.png 1 0 0 200 49
eu-339.png 1 0 0 137 34
eu-572.png 1 0 0 200 50
eu-1168.png 1 0 0 200 42
eu-290.png 1 0 0 200 50
eu-955.png 1 0 0 200 49
eu-1275.png 1 0 0 200 45
eu-1266.png 1 0 0 200 44
eu-186.png 1 0 0 200 50
eu-1318.png 1 0 0 200 47
eu-835.png 1 0 0 176 50
eu-448.png 1 0 0 200 50
eu-997.png 1 0 0 200 44
eu-108.png 1 0 0 200 50
eu-902.png 1 0 0 200 47
eu-445.png 1 0 0 200 48
eu-1177.png 1 0 0 200 47
eu-995.png 1 0 0 192 50
eu-898.png 1 0 0 200 50
eu-1249.png 1 0 0 198 50
eu-1106.png 1 0 0 200 43
eu-1341.png 1 0 0 200 50
eu-528.png 1 0 0 200 50
eu-622.png 1 0 0 200 48
eu-861.png 1 0 0 200 44
eu-1334.png 1 0 0 200 50
eu-706.png 1 0 0 200 50
eu-958.png 1 0 0 199 49
eu-1335.png 1 0 0 200 50
eu-934.png 1 0 0 200 41
eu-223.png 1 0 0 200 50
eu-848.png 1 0 0 200 50
eu-787.png 1 0 0 144 36
eu-196.png 1 0 0 200 50
eu-355.png 1 0 0 200 50
eu-197.png 1 0 0 200 50
eu-55.png 1 0 0 200 50
eu-13.png 1 0 0 200 42
eu-462.png 1 0 0 193 50
eu-113.png 1 0 0 119 29
eu-1253.png 1 0 0 200 43
eu-573.png 1 0 0 200 50
eu-906.png 1 0 0 200 50
